	  1.64700e+03 	 -3.73431e-21 	  5.92921e-23 	 -1.35074e-09 	 -2.19089e-10 	  5.23817e+02 	  0.00000e+00 	  0.00000e+00 	  3.02761e-05 	 -3.02761e-05 	 -3.02898e-05 	  3.02898e-05 	 -9.00038e-12 	  0.00000e+00 	  0.00000e+00 
	 -3.73431e-21 	  1.64700e+03 	 -2.15792e-16 	 -2.10300e+03 	 -5.23817e+02 	 -4.00098e-10 	  0.00000e+00 	  0.00000e+00 	  3.43817e-01 	  3.43817e-01 	  2.94551e-01 	  2.94551e-01 	  5.72727e+00 	  0.00000e+00 	  0.00000e+00 
	  5.92921e-23 	 -2.15792e-16 	  1.64700e+03 	  1.82240e-16 	  4.71153e-10 	  2.10300e+03 	  0.00000e+00 	  0.00000e+00 	  6.39031e+00 	 -6.39031e+00 	 -6.39322e+00 	  6.39322e+00 	 -6.46328e-13 	  0.00000e+00 	  0.00000e+00 
	 -1.35074e-09 	 -2.10300e+03 	  1.82240e-16 	  5.66269e+03 	  7.12432e+02 	  4.45932e-10 	 -8.28518e-13 	  2.97852e-13 	 -1.43821e-03 	 -1.43821e-03 	 -8.18875e-01 	 -8.18875e-01 	 -2.47273e+00 	  6.89560e-14 	  6.88005e-14 
	 -2.19089e-10 	 -5.23817e+02 	  4.71153e-10 	  7.12432e+02 	  6.07879e+02 	  9.76532e-11 	 -8.97618e-12 	  2.29062e-12 	  4.75930e+00 	  4.75930e+00 	  4.76633e+00 	  4.76633e+00 	 -3.30919e-01 	  4.73402e-22 	 -2.63001e-22 
	  5.23817e+02 	 -4.00098e-10 	  2.10300e+03 	  4.45932e-10 	  9.76532e-11 	  5.60629e+03 	  8.00000e-01 	  8.00000e-01 	  1.27806e-01 	 -1.27806e-01 	 -1.77731e+01 	  1.77731e+01 	 -9.11503e-13 	  8.00000e-01 	  8.00000e-01 
	  0.00000e+00 	  0.00000e+00 	  0.00000e+00 	 -8.28518e-13 	 -8.97618e-12 	  8.00000e-01 	  8.00000e-01 	  0.00000e+00 	  0.00000e+00 	 -2.32950e-23 	  0.00000e+00 	  0.00000e+00 	  1.61559e-27 	  0.00000e+00 	  0.00000e+00 
	  0.00000e+00 	  0.00000e+00 	  0.00000e+00 	  2.97852e-13 	  2.29062e-12 	  8.00000e-01 	  0.00000e+00 	  8.00000e-01 	 -6.28971e-24 	  0.00000e+00 	  0.00000e+00 	  0.00000e+00 	  4.03897e-28 	  0.00000e+00 	  0.00000e+00 
	  3.02761e-05 	  3.43817e-01 	  6.39031e+00 	 -1.43821e-03 	  4.75930e+00 	  1.27806e-01 	  0.00000e+00 	 -6.28971e-24 	  2.55995e+00 	  0.00000e+00 	  0.00000e+00 	  0.00000e+00 	 -2.08829e-02 	  0.00000e+00 	  0.00000e+00 
	 -3.02761e-05 	  3.43817e-01 	 -6.39031e+00 	 -1.43821e-03 	  4.75930e+00 	 -1.27806e-01 	 -2.32950e-23 	  0.00000e+00 	  0.00000e+00 	  2.55995e+00 	  0.00000e+00 	  0.00000e+00 	 -2.08829e-02 	  0.00000e+00 	  0.00000e+00 
	 -3.02898e-05 	  2.94551e-01 	 -6.39322e+00 	 -8.18875e-01 	  4.76633e+00 	 -1.77731e+01 	  0.00000e+00 	  0.00000e+00 	  0.00000e+00 	  0.00000e+00 	  2.56000e+00 	  0.00000e+00 	  0.00000e+00 	  0.00000e+00 	  0.00000e+00 
	  3.02898e-05 	  2.94551e-01 	  6.39322e+00 	 -8.18875e-01 	  4.76633e+00 	  1.77731e+01 	  0.00000e+00 	  0.00000e+00 	  0.00000e+00 	  0.00000e+00 	  0.00000e+00 	  2.56000e+00 	  0.00000e+00 	  0.00000e+00 	  0.00000e+00 
	 -9.00038e-12 	  5.72727e+00 	 -6.46328e-13 	 -2.47273e+00 	 -3.30919e-01 	 -9.11503e-13 	  1.61559e-27 	  4.03897e-28 	 -2.08829e-02 	 -2.08829e-02 	  0.00000e+00 	  0.00000e+00 	  1.99421e+01 	  0.00000e+00 	  0.00000e+00 
	  0.00000e+00 	  0.00000e+00 	  0.00000e+00 	  6.89560e-14 	  4.73402e-22 	  8.00000e-01 	  0.00000e+00 	  0.00000e+00 	  0.00000e+00 	  0.00000e+00 	  0.00000e+00 	  0.00000e+00 	  0.00000e+00 	  8.00000e-01 	  0.00000e+00 
	  0.00000e+00 	  0.00000e+00 	  0.00000e+00 	  6.88005e-14 	 -2.63001e-22 	  8.00000e-01 	  0.00000e+00 	  0.00000e+00 	  0.00000e+00 	  0.00000e+00 	  0.00000e+00 	  0.00000e+00 	  0.00000e+00 	  0.00000e+00 	  8.00000e-01 