	  1.64700e+03 	  1.04152e-21 	  1.73480e-18 	  2.15841e-10 	  8.84510e-11 	  5.23817e+02 	  0.00000e+00 	  0.00000e+00 	  3.02761e-05 	 -3.02761e-05 	 -3.02899e-05 	  3.02899e-05 	  0.00000e+00 	  0.00000e+00 
	  1.04152e-21 	  1.64700e+03 	  3.02729e-17 	 -2.10300e+03 	 -5.23817e+02 	  6.49758e-10 	  0.00000e+00 	  0.00000e+00 	  3.43817e-01 	  3.43817e-01 	  2.94551e-01 	  2.94551e-01 	  0.00000e+00 	  0.00000e+00 
	  1.73480e-18 	  3.02729e-17 	  1.64700e+03 	  3.24016e-16 	  1.39268e-10 	  2.10300e+03 	  0.00000e+00 	  0.00000e+00 	  6.39031e+00 	 -6.39031e+00 	 -6.39322e+00 	  6.39322e+00 	  0.00000e+00 	  0.00000e+00 
	  2.15841e-10 	 -2.10300e+03 	  3.24016e-16 	  5.66269e+03 	  7.12432e+02 	 -1.49117e-09 	 -2.04409e-13 	 -2.02799e-13 	 -1.43821e-03 	 -1.43821e-03 	 -8.18875e-01 	 -8.18875e-01 	 -2.15367e-13 	 -2.13568e-13 
	  8.84510e-11 	 -5.23817e+02 	  1.39268e-10 	  7.12432e+02 	  6.07879e+02 	  2.98145e-12 	  9.13407e-14 	  1.05276e-13 	  4.75930e+00 	  4.75930e+00 	  4.76633e+00 	  4.76633e+00 	 -8.70535e-21 	 -1.84101e-22 
	  5.23817e+02 	  6.49758e-10 	  2.10300e+03 	 -1.49117e-09 	  2.98145e-12 	  5.60629e+03 	  8.00000e-01 	  8.00000e-01 	  1.27806e-01 	 -1.27806e-01 	 -1.77731e+01 	  1.77731e+01 	  8.00000e-01 	  8.00000e-01 
	  0.00000e+00 	  0.00000e+00 	  0.00000e+00 	 -2.04409e-13 	  9.13407e-14 	  8.00000e-01 	  8.00000e-01 	  0.00000e+00 	  0.00000e+00 	 -1.92359e-24 	  0.00000e+00 	  0.00000e+00 	  0.00000e+00 	  0.00000e+00 
	  0.00000e+00 	  0.00000e+00 	  0.00000e+00 	 -2.02799e-13 	  1.05276e-13 	  8.00000e-01 	  0.00000e+00 	  8.00000e-01 	  2.21786e-24 	  0.00000e+00 	  0.00000e+00 	  0.00000e+00 	  0.00000e+00 	  0.00000e+00 
	  3.02761e-05 	  3.43817e-01 	  6.39031e+00 	 -1.43821e-03 	  4.75930e+00 	  1.27806e-01 	  0.00000e+00 	  2.21786e-24 	  2.55995e+00 	  0.00000e+00 	  0.00000e+00 	  0.00000e+00 	  0.00000e+00 	  0.00000e+00 
	 -3.02761e-05 	  3.43817e-01 	 -6.39031e+00 	 -1.43821e-03 	  4.75930e+00 	 -1.27806e-01 	 -1.92359e-24 	  0.00000e+00 	  0.00000e+00 	  2.55995e+00 	  0.00000e+00 	  0.00000e+00 	  0.00000e+00 	  0.00000e+00 
	 -3.02899e-05 	  2.94551e-01 	 -6.39322e+00 	 -8.18875e-01 	  4.76633e+00 	 -1.77731e+01 	  0.00000e+00 	  0.00000e+00 	  0.00000e+00 	  0.00000e+00 	  2.56000e+00 	  0.00000e+00 	  0.00000e+00 	  0.00000e+00 
	  3.02899e-05 	  2.94551e-01 	  6.39322e+00 	 -8.18875e-01 	  4.76633e+00 	  1.77731e+01 	  0.00000e+00 	  0.00000e+00 	  0.00000e+00 	  0.00000e+00 	  0.00000e+00 	  2.56000e+00 	  0.00000e+00 	  0.00000e+00 
	  0.00000e+00 	  0.00000e+00 	  0.00000e+00 	 -2.15367e-13 	 -8.70535e-21 	  8.00000e-01 	  0.00000e+00 	  0.00000e+00 	  0.00000e+00 	  0.00000e+00 	  0.00000e+00 	  0.00000e+00 	  8.00000e-01 	  0.00000e+00 
	  0.00000e+00 	  0.00000e+00 	  0.00000e+00 	 -2.13568e-13 	 -1.84101e-22 	  8.00000e-01 	  0.00000e+00 	  0.00000e+00 	  0.00000e+00 	  0.00000e+00 	  0.00000e+00 	  0.00000e+00 	  0.00000e+00 	  8.00000e-01 